023410
02745
19754
010736
01175
14378
19548
07386
019503
26348
241
09733
30
026893
2664
1515
012703
03727
05588
5942
32190
12777
20061
17223
09692
05253
7612
018099
030767
02881
15554
017857
2111
031470
5074
12526
014186
9428
27490
31081
3425
17196
27775
5527
023410
02745
19754
010736
01175
14378
19548
07386
019503
26348
241
09733
30
026893
2664
1515
012703
03727
05588
5942
32190
12777
20061
17223
09692
05253
7612
018099
030767
02881
15554
017857
2111
031470
5074
12526
014186
9428
27490
31081
3425
17196
27775
5527
05253
7612
018099
030767
02881
15554
017857
2111
031470
5074
12526
014186
